11111111
11111111
11111111
11111111
11111111
11111111
11111111
11111111
11111111
11111111
11111111
11111111
11111111
11111111
11111111
11111111
11111111
11111111
11111111
11111111
11111111
11111111
11111111
11111111
11111111
11111111
11111111
11111111
11111111
11111111
11111111
11111111
11111111
11111111
11111111
11111111
11111111
11111111
11111111
11111111
11111111
11111111
11111111
11111111
11111111
11111111
11111111
11111111
11111111
11111111
11111111
11111111
11111111
11111111
11111111
11111111
11111111
11111111
11111111
11111111
11111111
11111111
11111111
11111111
11111111
11111111
11111111
11111111
11111111
11111111
11111111
11111111
11111111
11111111
11111111
11111111
11111111
11111111
11111111
11111111
11111111
11111111
11111111
11111111
11111111
11111111
11111111
11111111
11111111
11111111
11111111
11111111
11111111
11111111
11111111
11111111
11111111
11111111
11111111
11111111
11111111
11111111
11111111
11111111
11111111
11111111
11111111
11111111
11111111
11111111
11111111
11111111
11111111
11111111
11111111
11111111
11111111
11111111
11111111
11111111
11111111
11111111
11111111
11111111
11111111
11111111
11111111
11111111
11111111
11111111
11111111
11111111
11111111
11111111
11111111
11111111
11111111
11111111
11111111
11111111
11111111
11111111
11111111
11111111
11111111
11111111
11111111
11111111
11111111
11111111
11111111
11111111
11111111
11111111
11111111
11110101
11111101
11110101
11110101
11111111
11111111
11111111
11111111
11111111
11111111
11111111
11111111
11111111
11111111
11111111
11111111
11111111
11111111
11111111
11111111
11111111
11111111
11111111
11111111
11111111
11111111
11111111
11111111
11111111
11111111
11111111
11111111
11111111
11111111
11111111
11111111
11111111
11111111
10001111
11111000
10001000
11111111
10001111
11111000
10001000
11111111
10001111
11111000
10001000
11111111
10001111
11111000
10001000
11111111
10001111
11111000
10001000
11111111
10001111
11111000
10001000
11111111
10001111
11111000
10001000
11111111
10001111
11111000
10001000
11111111
10001111
11111000
10001000
11111111
10001111
11111000
10001000
11111111
10001111
11111000
10001000
11111111
10001111
11111000
10001000
11111111
10001111
11111000
10001000
11111111
10001111
11111000
10001000
11111111
10001111
11111000
10001000
11111111
10001111
11111000
10001000
11111101
11111111
11111111
11111111
11111111
11111111
11111111
11111111
11111111
11111111
11111111
11111111
11111111
11111111
11111111
11111111
11111111
11111111
11111111
11111111
11111111
11111111
11111111
11111111
11111111
11111111
11111111
11111011
11111011
11111011
11111011
11111111
11111111
11111111
11111111
11111111
11111111
11111111
11111111
01111111
11111111
11111111
11111111
11111111
11111111
11111111
11111111
11111111
11111111
11111111
11111111
11111111
11111111
11111111
11111111
11111111
11111111
11111111
11111111
11111111
11111111
11111111
11111111
11111111
11111111
10001111
11111000
10001000
11111111
10001111
11111000
10001000
11111111
10001111
11111000
10001000
11111111
10001111
11111000
10001000
11111111
10001111
11111000
10001000
11111111
10001111
11111000
10001000
11111111
10001111
11111000
10001000
11111111
10001111
11111000
10001000
11111111
10001111
11111000
10001000
11111111
10001111
11111000
10001000
11111111
10001111
11111000
10001000
11111111
10001111
11111000
10001000
11111111
10001111
11111000
10001000
11111111
10001111
11111000
10001000
11111111
10001111
11111000
10001000
11111111
10001111
11111000
10001000
11111011
11110011
11000001
11100001
11000001
11000000
11000000
11100001
11011110
11100011
11000000
11011110
11011111
11011110
11011110
11100001
11000001
11100001
11000001
11100001
11000000
11011110
11011110
11011110
11011110
11011110
11000000
11100001
11100001
11000000
11100001
11111111
11111111
11110111
11101011
11101101
11111011
11111111
11100111
00111111
11111011
11110111
11111111
11111111
11111111
11111111
11111111
11111101
11100001
11111011
11100001
11100001
11111101
11000000
11100001
11000000
11100001
11100001
11111111
11111111
11111111
11111111
11111111
11100001
11111111
10001111
11111000
10001000
11111111
10001111
11111000
10001000
11111111
10001111
11111000
10001000
11111111
10001111
11111000
10001000
11111111
10001111
11111000
10001000
11111111
10001111
11111000
10001000
11111111
10001111
11111000
10001000
11111111
10001111
11111000
10001000
11111111
10001111
11111000
10001000
11111111
10001111
11111000
10001000
11111111
10001111
11111000
10001000
11111111
10001111
11111000
10001000
11111111
10001111
11111000
10001000
11111111
10001111
11111000
10001000
11111111
10001111
11111000
10001000
11111111
10001111
11111000
10001000
11110111
11101101
11101110
11011110
11101110
11011111
11011111
11011110
11011110
11110111
11111110
11011101
11011111
11001100
11011110
11011110
11011110
11011110
11011110
11011110
11110111
11011110
11011110
11011110
11011110
11011110
11111110
11011110
11011110
11111110
11011110
11111111
11111111
11110111
11101011
11101101
11100000
11001110
11011011
01011111
11110111
11111011
11110111
11110111
11111111
11111111
11111111
11111101
11011110
11110011
11011110
11011110
11111001
11011111
11011110
11011110
11011110
11011110
11100111
11100111
11111101
11111111
11101111
11011110
11111111
11111111
11111111
11111111
11111111
11111111
11111111
11111111
11111111
11111111
11111111
11111111
11111111
11111111
11111111
11111111
11111111
11111111
11111111
11111111
11111111
11111111
11111111
11111111
11111111
11111111
11111111
11111111
11111111
11111111
11111111
11111111
11111111
11111111
11111111
11111111
11111111
11111111
11111111
11111111
11111111
11111111
11111111
11111111
11111111
11111111
11111111
11111111
11111111
11111111
11111111
11111111
11111111
11111111
11111111
11111111
11111111
11111111
11111111
11111111
11111111
11111111
11111111
11111111
11101111
11011110
11101110
11011111
11101110
11011111
11011111
11011111
11011110
11110111
11111110
11011011
11011111
11001100
11011110
11011110
11011110
11011110
11011110
11011111
11110111
11011110
11011110
11011110
11011110
11011110
11111101
11011111
11011111
11111101
11011111
11111111
11111111
11110111
11101011
11101101
11011011
11001110
11011011
01101111
11101111
11111101
11010101
11110111
11111111
11111111
11111111
11111011
11011110
11111011
11111110
11111110
11110101
11011111
11011111
11111110
11011110
11011110
11100111
11100111
11111011
11111111
11110111
11011110
11111111
11111111
11111111
11111111
10001111
10001111
10001111
10001111
11111000
11111000
11111000
11111000
10001000
10001000
10001000
10001000
11111111
11111111
11111111
11111111
10001111
10001111
10001111
10001111
11111000
11111000
11111000
11111000
10001000
10001000
10001000
10001000
11111111
11111111
11111111
11111111
10001111
10001111
10001111
10001111
11111000
11111000
11111000
11111000
10001000
10001000
10001000
10001000
11111111
11111111
11111111
11111111
10001111
10001111
10001111
10001111
11111000
11111000
11111000
11111000
10001000
10001000
10001000
10001000
11000000
11011110
11101110
11011111
11101110
11011111
11011111
11011111
11011110
11110111
11111110
11010111
11011111
11010010
11011110
11011110
11011110
11011110
11011110
11011111
11110111
11011110
11101101
11011110
11101101
11011110
11111011
11011111
11011111
11111011
11011111
11111111
11111111
11110111
11111111
11000000
11011011
11111101
11010111
01110111
11101111
11111101
11100011
11110111
11111111
11111111
11111111
11111011
11011100
11111011
11111110
11111110
11101101
11000001
11000001
11111101
11011110
11011110
11111111
11111111
11110111
11000000
11111011
11111110
11111111
11111111
11111111
11111111
10001111
10001111
10001111
10001111
11111000
11111000
11111000
11111000
10001000
10001000
10001000
10001000
11111111
11111111
11111111
11111111
10001111
10001111
10001111
10001111
11111000
11111000
11111000
11111000
10001000
10001000
10001000
10001000
11111111
11111111
11111111
11111111
10001111
10001111
10001111
10001111
11111000
11111000
11111000
11111000
10001000
10001000
10001000
10001000
11111111
11111111
11111111
11111111
10001111
10001111
10001111
10001111
11111000
11111000
11111000
11111000
10001000
10001000
10001000
10001000
11111111
11011110
11100001
11011111
11101110
11000001
11000001
11011000
11000000
11110111
11111110
11001111
11011111
11010010
11001110
11011110
11000001
11011110
11000001
11100001
11110111
11011110
11101101
11011110
11110011
11100000
11110111
11011111
11011111
11110111
11100001
11111111
11111111
11110111
11111111
11101101
11100001
11111011
11101111
11111011
11101111
11111101
11000001
11000001
11111111
11000000
11111111
11110111
11011010
11111011
11111101
11111001
11011101
11111110
11011110
11111011
11100001
11011110
11111111
11111111
11101111
11111111
11111101
11111001
11111111
11111111
11111111
11111111
10001111
10001111
10001111
10001111
11111000
11111000
11111000
11111000
10001000
10001000
10001000
10001000
11111111
11111111
11111111
11111111
10001111
10001111
10001111
10001111
11111000
11111000
11111000
11111000
10001000
10001000
10001000
10001000
11111111
11111111
11111111
11111111
10001111
10001111
10001111
10001111
11111000
11111000
11111000
11111000
10001000
10001000
10001000
10001000
11111111
11111111
11111111
11111111
10001111
10001111
10001111
10001111
11111000
11111000
11111000
11111000
10001000
10001000
10001000
10001000
11000000
11000000
11101110
11011111
11101110
11011111
11011111
11011110
11011110
11110111
11111110
11010111
11011111
11011110
11010110
11011110
11011111
11011110
11010111
11111110
11110111
11011110
11101101
11010010
11110011
11111110
11101111
11011111
11011111
11101111
11111110
11111111
11111111
11110111
11111111
11101101
11110110
11110111
11010111
01110111
11101111
11111101
11100011
11110111
11111111
11111111
11111111
11110111
11010110
11111011
11100011
11111110
11011101
11111110
11011110
11110111
11011110
11100000
11111111
11111111
11110111
11000000
11111011
11110111
11111111
11111111
11111111
11111111
10001111
10001111
10001111
10001111
11111000
11111000
11111000
11111000
10001000
10001000
10001000
10001000
11111111
11111111
11111111
11111111
10001111
10001111
10001111
10001111
11111000
11111000
11111000
11111000
10001000
10001000
10001000
10001000
11111111
11111111
11111111
11111111
10001111
10001111
10001111
10001111
11111000
11111000
11111000
11111000
10001000
10001000
10001000
10001000
11111111
11111111
11111111
11111111
10001111
10001111
10001111
10001111
11111000
11111000
11111000
11111000
10001000
10001000
10001000
10001000
11101111
11011110
11101110
11011111
11101110
11011111
11011111
11011110
11011110
11110111
11011110
11011011
11011111
11011110
11011010
11011110
11011111
11011010
11011011
11111110
11110111
11011110
11110011
11010010
11101101
11111110
11011111
11011111
11011111
11011111
11111110
11111111
11111111
11110111
11111111
11000000
11110110
11101111
11011010
01101111
11101111
11111101
11010101
11110111
11100111
11111111
11111111
11101111
11001110
11111011
11011111
11111110
11000000
11111110
11011110
11101111
11011110
11111110
11100111
11100111
11111011
11111111
11110111
11110111
11111111
11111111
11111111
11111111
11111111
11111111
11111111
11111111
11111111
11111111
11111111
11111111
11111111
11111111
11111111
11111111
11111111
11111111
11111111
11111111
11111111
11111111
11111111
11111111
11111111
11111111
11111111
11111111
11111111
11111111
11111111
11111111
11111111
11111111
11111111
11111111
11111111
11111111
11111111
11111111
11111111
11111111
11111111
11111111
11111111
11111111
11111111
11111111
11111111
11111111
11111111
11111111
11111111
11111111
11111111
11111111
11111111
11111111
11111111
11111111
11111111
11111111
11111111
11111111
11110111
11011110
11101110
11011110
11101110
11011111
11011111
11011110
11011110
11110111
11011110
11011101
11011111
11011110
11011100
11011110
11011111
11011101
11011101
11011110
11110111
11011110
11110011
11001100
11011110
11011110
11011111
11011110
11011110
11011111
11011110
11111111
11111111
11111111
11111111
11101101
11000001
11011100
11011101
01011111
11110111
11111011
11110111
11110111
11100111
11111111
11100111
11101111
11011110
11111011
11011111
11011110
11111101
11011110
11011110
11101111
11011110
11011110
11100111
11100111
11111101
11111111
11101111
11111111
11111111
11111111
11111111
11111111
11111111
11111111
11111111
11111111
11111111
11111111
11111111
11111111
11111111
11111111
11111111
11111111
10001111
10001111
10001111
10001111
10001111
10001111
10001111
10001111
10001111
10001111
10001111
10001111
10001111
10001111
10001111
10001111
11111000
11111000
11111000
11111000
11111000
11111000
11111000
11111000
11111000
11111000
11111000
11111000
11111000
11111000
11111000
11111000
10001000
10001000
10001000
10001000
10001000
10001000
10001000
10001000
10001000
10001000
10001000
10001000
10001000
10001000
10001000
10001000
11111011
11011110
11000001
11100001
11000001
11000000
11011111
11100000
11011110
11100011
11100001
11011110
11000000
11011110
11011110
11100001
11011111
11100010
11011110
11100001
11110111
11100001
11110011
11011110
11011110
11100001
11000000
11100001
11100001
11000000
11100001
11000000
11111111
11110111
11111111
11101101
11110111
11011100
11100010
00111111
11111011
11110111
11111111
11111111
11110111
11111111
11100111
11011111
11100001
11110001
11000000
11100001
11111101
11100001
11100001
11101111
11100001
11100001
11111111
11110111
11111111
11111111
11111111
11110111
11111111
11111111
11111111
11111111
11111111
11111111
11111111
11111111
11111111
11111111
11111111
11111111
11111111
11111111
11111111
11111111
10001111
10001111
10001111
10001111
10001111
10001111
10001111
10001111
10001111
10001111
10001111
10001111
10001111
10001111
10001111
10001111
11111000
11111000
11111000
11111000
11111000
11111000
11111000
11111000
11111000
11111000
11111000
11111000
11111000
11111000
11111000
11111000
10001000
10001000
10001000
10001000
10001000
10001000
10001000
10001000
10001000
10001000
10001000
10001000
10001000
10001000
10001000
10001000
11111101
11111111
11111111
11111111
11111111
11111111
11111111
11111111
11111111
11111111
11111111
11111111
11111111
11111111
11111111
11111111
11111111
11111111
11111111
11111111
11111111
11111111
11111111
11111111
11111111
11111111
11111111
11111111
11111111
11111111
11111111
11111111
11111111
11111111
11111111
11111111
11111111
11111111
11111111
01111111
11111111
11111111
11111111
11111111
11101111
11111111
11111111
11011111
11111111
11111111
11111111
11111111
11111111
11111111
11111111
11111111
11111111
11111111
11111111
11101111
11111111
11111111
11111111
11111111
11111111
11111111
11111111
11111111
11111111
11111111
11111111
11111111
11111111
11111111
11111111
11111111
11111111
11111111
11111111
11111111
10001111
10001111
10001111
10001111
10001111
10001111
10001111
10001111
10001111
10001111
10001111
10001111
10001111
10001111
10001111
10001111
11111000
11111000
11111000
11111000
11111000
11111000
11111000
11111000
11111000
11111000
11111000
11111000
11111000
11111000
11111000
11111000
10001000
10001000
10001000
10001000
10001000
10001000
10001000
10001000
10001000
10001000
10001000
10001000
10001000
10001000
10001000
10001000
11111111
11111111
11111111
11111111
11111111
11111111
11111111
11111111
11111111
11111111
11111111
11111111
11111111
11111111
11111111
11111111
11111111
11111111
11111111
11111111
11111111
11111111
11111111
11111111
11111111
11111111
11111111
11111111
11111111
11111111
11111111
11111111
11111111
11111111
11111111
11111111
11111111
11111111
11111111
11111111
11111111
11111111
11111111
11111111
11111111
11111111
11111111
11111111
11111111
11111111
11111111
11111111
11111111
11111111
11111111
11111111
11111111
11111111
11111111
11111111
11111111
11111111
11111111
11111111
11111111
11111111
11111111
11111111
11111111
11111111
11111111
11111111
11111111
11111111
11111111
11111111
11111111
11111111
11111111
11111111
10001111
10001111
10001111
10001111
10001111
10001111
10001111
10001111
10001111
10001111
10001111
10001111
10001111
10001111
10001111
10001111
11111000
11111000
11111000
11111000
11111000
11111000
11111000
11111000
11111000
11111000
11111000
11111000
11111000
11111000
11111000
11111000
10001000
10001000
10001000
10001000
10001000
10001000
10001000
10001000
10001000
10001000
10001000
10001000
10001000
10001000
10001000
10001000
11111111
11111111
11111111
11111111
11111111
11111111
11111111
11111111
11111111
11111111
11111111
11111111
11111111
11111111
11111111
11111111
11111111
11111111
11111111
11111111
11111111
11111111
11111111
11111111
11111111
11111111
11111111
11111111
11111111
11111111
11111111
11111111
11111111
11111111
11111111
11111111
11111111
11111111
11111111
11111111
11111111
11111111
11111111
11111111
11111111
11111111
11111111
11111111
11111111
11111111
11111111
11111111
11111111
11111111
11111111
11111111
11111111
11111111
11111111
11111111
11111111
11111111
11111111
11111111
11111111
11111111
11111111
11111111
11111111
11111111
11111111
11111111
11111111
11111111
11111111
11111111
11111111
11111111
11111111
11111111
11111111
11111111
11111111
11111111
11111111
11111111
11111111
11111111
11111111
11111111
11111111
11111111
11111111
11111111
11111111
11111111
11111111
11111111
11111111
11111111
11111111
11111111
11111111
11111111
11111111
11111111
11111111
11111111
11111111
11111111
11111111
11111111
11111111
11111111
11111111
11111111
11111111
11111111
11111111
11111111
11111111
11111111
11111111
11111111
11111111
11111111
11111111
11111111
11111111
11111111
11111111
11111111
11111111
11111111
11111111
11111111
11111111
11111111
11111111
11111111
11111111
11111111
11111111
11111111
11111111
11111111
11111111
11111111
11111111
11111111
11111111
11111111
11111111
11111111
11111111
11111111
11111111
11111111
11111111
11111111
11111111
11111111
11111111
11111111
11111111
11111111
11111111
11111111
11111111
11111111
11111111
11111111
11111111
11111111
11111111
11111111
11111111
11111111
11111111
11111111
11111111
11111111
11111111
11111111
11111111
11111111
11111111
11111111
11111111
11111111
11111111
11111111
11111111
11111111
11111111
11111111
11111111
11111111
11111111
11111111
11111111
11111111
11111111
11111111
11111111
11111111
11111111
11111111
11111111
11111111
11111111
11111111
11111111
11111111
11111111
11111111
11111111
11111111
11111111
11111111
11111111
11111111
11111111
11111111
11111111
11111111
11111111
11111111
11111111
11111111
11111111
11111111
11111111
11111111
11111111
11111111
11111111
11111111
11111111
11111111
11111111
11111111
11111111
11111111
11111111
11111111
11111111
11111111
11111111
11111111
11111111
11111111
11111111
11111111
11111111
11111111
