11001101
00000000
11100000
00100001
00001010
11110000
00100010
10101010
00101011
11001001
11100011
11010101
00010001
01011011
00000111
11010111
11010001
11000010
00000001
11101000
00011010
11111110
00101010
11000010
00010101
11101000
11100001
00010011
00111110
00000001
00110010
10110011
00101011
00110010
10101010
00101010
11011111
01011110
00000110
11001101
01100000
00010000
11001101
11111110
11110010
00011010
00010011
00100001
11111010
11110010
11100101
11111110
00100100
00101000
00111110
00100001
10111101
11110000
00100011
00100011
11001011
01111110
11000010
10001111
00000111
10111110
00100011
00100000
11110101
01001110
00100011
01000110
11000101
11001101
10110001
11110000
11101111
00101000
00011110
11001101
10110001
11110000
00101000
00010111
11001101
10110001
11110000
00000001
00000000
00000000
00101000
00001000
11001101
10110001
11110000
11000010
10001111
00000111
11000001
00111100
11010001
00111100
00111100
11100001
11111110
00000011
11001001
11100001
00111100
00000001
00000000
00000000
00010001
11111111
11111111
00011000
11110011
11001111
11100101
11011111
00101100
00000000
11001101
00000101
00000001
11001111
11011111
00101100
00000000
11001101
00000101
00000001
01001011
01000010
11101011
11100001
00101011
00100011
11001101
11111111
00000010
11010111
11010000
00001010
11111110
00001101
11001010
10001111
00000111
10111110
00100000
11110001
11000101
11100101
00000011
00100011
00001010
11111110
00001101
00101000
00000111
10111110
00101000
11110110
11100001
11000001
00011000
11100001
11100001
11001101
11000111
11110010
00111110
00001101
11100111
00011000
11110100
11001101
00000101
00000001
11010110
00001101
11001000
11011111
00101100
00000000
11001111
11100011
10101111
00111100
11101001
01000100
00001000
11110011
01000001
01101011
11110010
01000101
11010000
11110010
01010100
01001011
11110010
01000010
10111111
11110001
01010111
11101100
11110001
01010011
00100001
11110010
01010010
11110110
11110000
01010110
10010100
11110001
01011010
10110100
11110001
01001011
01111001
11110001
01001000
10101001
11110010
01000011
01100111
11110001
01000111
10111110
11110000
01011000
00111110
11110001
01001111
01010111
11110001
01010000
01001101
11110001
01001100
00100001
11111000
10000000
00111101
11000010
10001111
00000111
01111100
10110101
00101000
00100101
11100101
00010001
11111111
00101010
11001101
00111000
11110001
11100001
00110110
11000011
00100011
00110110
11111100
00100011
00110110
00101010
00100011
00100010
00000011
00101011
00111110
11000011
00110010
00000010
00101011
00111110
11001101
00110010
11111100
00101010
00100001
01111000
00011001
00100010
11111101
00101010
11001001
00101010
00000011
00101011
00101011
01111110
11111110
00101010
00100000
00000101
00101011
01111110
00101011
11111110
11111100
11000010
01011010
00000110
11101011
00100001
11111111
00101010
00000001
00000011
00000000
11101101
10110000
11001001
11000010
10001111
00000111
00001010
11110101
01111110
00000010
11110001
01110111
11010111
00100011
00000011
00111000
11110101
11001001
00101000
00011000
01111110
00101111
01110111
11010111
00100011
00111000
11111001
11001001
00101000
00001110
00000110
00001000
01001110
11001011
00010001
00011111
00010000
11111011
01110111
11010111
00100011
00111000
11110011
11001001
11001010
10001111
00000111
01111110
10000000
01000111
11010111
00100011
00111000
11111001
11000101
00111110
00100110
11100111
11110001
11000011
11101110
11110110
00111101
11000010
10001111
00000111
11101101
01011011
01101000
00101010
00111110
01011111
00010010
11001101
11110101
00001100
11111110
00001101
00101000
00000100
11111110
00100000
00111000
11110101
01110111
00100011
11100111
00011000
11101001
11000010
10001111
00000111
00001010
10111110
00101000
00010011
11000101
11001101
11011001
11110001
00111110
00100000
11100111
11100011
11001101
11011100
11110001
11100011
11000001
11001101
00010010
11111000
00111110
00001101
11100111
11010111
00100011
00000011
00111000
11100100
11001001
11111110
00000010
11011010
10001111
00000111
01110001
11010111
00100011
00111000
11111011
11001001
11000010
10001111
00000111
01111000
10110111
11000010
01011010
00000110
11001101
10100000
11110010
01111001
10111110
11000101
11001100
11100101
11110001
11000001
00100011
11010111
11010000
11001101
00010010
11111000
00011000
11101110
11001101
10011010
11110010
00111110
00100000
11100111
00111110
00100110
11100111
11000011
11101101
11110110
11001101
11011001
11110001
00111110
00001101
11100111
11001001
11000010
10001111
00000111
11001101
10100000
11110010
01111001
10111110
00100011
00100000
00000101
01111000
10111110
11001100
00000011
11110010
11010111
11010000
11001101
00010010
11111000
00011000
11101100
11100101
11000101
11000101
00101011
00101011
11001101
11011001
11110001
00100011
00111110
00100000
11100111
11100111
11100111
11001101
10011010
11110010
00111110
00100000
11100111
11100001
11001101
11000111
11110010
11001101
11101000
11110001
11000001
11100001
11001001
11000010
10001111
00000111
11100101
11100101
11101011
00100011
11010001
11100101
10110111
11101101
01010010
11100101
11000101
00000110
01100000
11110011
10101111
11001101
01101000
00001110
00010000
11111010
00111110
10100101
11001101
01101000
00001110
11100001
11001101
01100011
00001110
11010001
00011001
11001101
01100011
00001110
11100001
11010001
11000011
01010111
00001110
11000010
10001111
00000111
11101011
10110111
11101101
01010010
11011010
01011010
00000110
00100011
11100101
11010101
01010000
01011001
11100001
11000001
11010111
00111000
00000011
11101101
10110000
11001001
00001001
00101011
11101011
00001001
00101011
11101011
11101101
10111000
11001001
11010010
10001111
00000111
00010011
01111010
10110011
00100000
00000001
00011011
11001101
00010010
11111000
11001101
10011010
11110010
00111110
00100000
11100111
00000110
00011000
11001101
10100000
11110010
11010111
11010000
01111110
00100011
11111110
00001101
00101000
00001101
11100110
01111111
11111110
00100000
00110000
00000010
00111110
00101110
11100111
00010000
11101010
00111110
00001101
11100111
00011000
11011010
11001101
11000111
11110010
00111110
00111010
11100111
01111100
11100110
11111000
11111110
00100000
11000000
11000011
01010011
00000001
10110111
11000010
10001111
00000111
11110011
11001101
11011101
00001110
01111001
11111110
10100101
00100000
11111000
11001101
11011001
00001110
01100001
11100101
11001101
11011001
00001110
01100001
11100011
11001101
11000111
11110010
00111110
00101100
11100111
11100001
00111110
00100110
11100111
11000011
01010111
00010011
11100001
00011000
00000101
11111110
00000001
11000010
10001111
00000111
11001101
10011010
11110010
11100101
00111110
00100000
11001101
10111101
00000111
00010001
10110110
00101011
11001101
00000101
00000001
11111110
00001101
00101000
11100101
11001101
11101110
00011000
01111100
10110111
11000010
01011010
00000110
01001101
11100001
11001101
10100000
11110010
01110001
00100011
11100101
00011000
11100111
00100001
01100110
00000000
11100101
00111010
10110101
00101011
00111100
11000000
00111110
00001101
11000011
01101111
00010000
11010010
10001111
00000111
00010011
01111010
10110011
00100000
00000001
00011011
11101101
01010011
11110010
00101011
00100010
11101010
00101011
00000001
00011000
11110011
11000101
11001101
00010010
11111000
00101010
11101010
00101011
11101101
01011011
11110010
00101011
11010111
11010010
11111010
11110010
00100001
10110000
00101011
11001101
00111101
00001010
00111110
00001101
11100111
00101010
11101010
00101011
11001101
01010111
00010011
00111110
00100000
11100111
11001101
10100000
11110010
00100001
01011010
11110111
11100101
11011101
00100001
11011011
00101011
11001101
00000111
11111000
11011101
00110110
00001001
00000110
11001101
11101010
11110110
01001111
11111110
11101101
00100000
00000101
11001101
11011111
11110110
00011000
00011011
00001110
00000001
11111110
11011101
00100000
00000101
11001101
11100100
11110110
00011000
00000110
00001100
11111110
11111101
11001100
11100100
11110110
01001111
11111110
11001011
00100000
00000101
11001101
11011111
11110110
00011000
00100100
00011110
00001000
01001111
00100001
01111110
00011110
11001101
11111000
11110110
11011010
00000010
11110100
11001101
00110101
11110111
00111010
11100101
00101011
11111110
11101101
01111011
00110010
11011101
00101011
00100000
00000101
11111110
00010101
11010000
00011000
01101101
11111110
00010101
11011000
00011000
01101000
01001111
00111010
11100100
00101011
11111110
00000110
00101000
00010000
01111001
11001101
11011010
11110110
01001111
11100110
00000111
11111110
00000110
11000010
00111100
11110111
11011101
00110110
00000011
11000110
01111001
00010001
00101010
11111000
00100001
01011111
00011110
11001101
11111010
11110110
01111011
11111110
00110001
00110000
00001101
11011101
01110011
00000010
11001101
11110100
11110011
11011101
10110110
00000011
11011101
01110111
00000011
11001001
01111001
11100110
11000000
11001010
00111100
11110111
00000111
00110000
00000010
11101110
10000000
00000111
11000110
00110000
01011111
11011101
00110110
00000110
01000000
01111001
11100110
00111000
00001111
00001111
00001111
11011101
01110111
00000111
11011101
00110100
11111100
00011000
11010010
01111001
00001111
00001111
00001111
11111110
01111001
11100110
00000111
11000110
00001000
11111110
00001110
11011000
00100000
00000010
00111110
10000111
00111101
11001001
01111001
00100001
01101010
00011110
00010001
00110100
10111000
11001101
11111010
11110110
00111000
01000001
11001011
01110001
00101000
00100001
01111001
11100110
00000111
11111110
00000110
00100000
00110110
11001101
00101111
11110111
11001101
11010101
11110110
11011101
00110110
00000011
01000000
11011101
01110111
00000100
01111011
11111110
00110111
11010000
11011101
00110110
00000110
00001110
00111100
11011101
00110100
11111100
11001001
11001101
11110100
11110011
11011101
01110111
00000011
11001101
00101000
11110111
11011101
01110011
00000010
00111010
11100100
00101011
11111110
00000110
00101000
11100000
11001101
11010101
11110110
11011101
11001011
00000011
11111110
00011000
11010100
01111001
11100110
11000110
11111110
00000100
00100000
00001011
01111001
11100110
00000001
11000110
00111100
01011111
11001101
11101111
11110011
00011000
11010101
00111010
11100101
00101011
10110111
00100000
01100010
01111001
11100110
11000000
11111110
01000000
00101000
00100001
10110111
00100000
01011000
01111001
11100110
00000111
11111110
00000110
00100000
01010001
00111010
11100100
00101011
11111110
00000110
00101000
00000110
11001101
11100111
11110110
11011101
01110111
00000100
11001101
11100111
11110110
00110010
11100010
00101011
00111110
01000000
00011000
00000011
11001101
11110100
11110011
00110010
11100001
00101011
11011101
00110110
00000010
00111110
11001101
11101111
11110011
00110010
11011110
00101011
00111010
11100100
00101011
11111110
00000110
11001000
11001011
01110001
11001000
01111001
11100110
00111111
11111110
00110110
11001010
00111100
11110111
11100110
00111000
00010001
11011111
00101011
11111110
00110000
00101000
00001011
01111001
11100110
00000111
11111110
00000110
11000010
00111100
11110111
00010001
11100010
00101011
11001101
11100111
11110110
00010010
11001001
01111001
11100110
11001111
00111101
00100000
00111010
11001101
00101000
11110111
11001101
11001010
11110110
00110010
11011110
00101011
11111110
00000110
11000100
00110101
11110111
11011101
00110110
00000010
00111110
00111010
11100001
00101011
11110110
01100000
00110010
11100001
00101011
11001101
11100111
11110110
00110010
11100010
00101011
11001101
11100111
11110110
00110010
11100011
00101011
11001001
11100110
11000111
11111110
01000011
00100000
00011010
11011101
11001011
00000110
11111110
01111001
00101111
11100110
00001000
11011101
01110111
11111100
00011000
11001001
00111010
11100101
00101011
10110111
01111001
00100000
11100110
11100110
11110111
11111110
00100010
00101000
11100110
01111001
11100110
11001111
11111110
00001001
00100000
00010011
11001101
00101000
11110111
00111110
00110100
00110010
11011101
00101011
11011101
00110110
00000011
00000110
11001101
11001010
11110110
00110010
11100001
00101011
11001001
11100110
11000111
11111110
01000010
00100000
00010100
00111010
11100101
00101011
10110111
00101000
00001110
11001101
00110101
11110111
01111001
00101111
11100110
00001000
00001111
00001111
00001111
11000110
00110101
00011000
11011000
11111110
00000011
00100000
00010000
01111001
11100110
00001000
00001111
00001111
00001111
11000110
00111100
00110010
11011101
00101011
11011101
00110100
11111100
00011000
11001011
01111001
11100110
11001011
11111110
11000001
01111001
00100000
00011010
00001111
00001111
11100110
00000001
11000110
01001001
00110010
11011101
00101011
11001101
00101000
11110111
11001101
11001010
11110110
11011101
01110111
00000011
11111110
00000111
11000000
11011101
00110110
00000011
00000011
11001001
11100110
11110111
11111110
11010011
00100000
00011000
11001101
00101111
11110111
00111110
01000000
11001011
01011001
11001100
00101110
11110100
11001101
11010100
11110110
01100111
00101110
11000000
00100010
11100001
00101011
11011101
00110110
00000011
00001110
11001001
11100110
11000110
11111110
01000000
00100000
01100000
00111010
11100101
00101011
10110111
00101000
01011010
00111110
01000000
11001011
01000001
11000100
00101110
11110100
00110010
11011101
00101011
11001101
11101111
11110011
11111110
10000110
11001010
00111100
11110111
00110010
11011110
00101011
11011101
00110110
00000110
10001001
11001001
00101011
01010110
00101011
01100110
01111000
11111110
00001011
00110000
00000101
11001101
00101000
11110111
00011000
00000110
00111010
11100101
00101011
10110111
00101000
01011011
01111000
11111110
00000110
00101000
00000101
11111110
00000011
11000100
00110101
11110111
01111000
11111110
00000100
00100000
00000001
11101011
00111110
00111110
11001110
00000000
00110010
11011101
00101011
11011101
01110100
00000011
11011101
01110010
00000110
01111000
11111110
00000110
11010000
11111110
00000100
11011000
11001011
01011001
11001100
00101110
11110100
11000011
11100001
11110100
00111010
11100101
00101011
10110111
00101000
00011011
00000110
00000000
01111001
11111110
01000110
00101000
00001010
00000100
11111110
01010110
00101000
00000101
00000100
11111110
01011110
00100000
00001010
00100001
01001000
01000000
11011101
01110000
00000100
00100010
11011101
00101011
11001001
00100001
10100011
00011110
00000110
00001110
01111001
10111110
00101000
10010110
00100011
00100011
00100011
00010000
11111000
11001101
00101000
11110111
01111001
11111110
11101001
00100000
00001001
11011101
00110110
00000010
01000100
11011101
00110110
00000011
10000110
11001001
11001101
00110101
11110111
01111001
00101111
11100110
11000111
00100000
00001010
01111001
11100110
00111000
01000111
00100001
01000111
01000000
11000011
00011110
11110110
01111001
11111110
11000011
00101000
00010001
11111110
11001101
00101000
00001101
11100110
11000111
11111110
11000010
00101000
00000100
11111110
11000100
00100000
00010011
11001101
10111110
11110110
11001100
00101110
11110100
01111001
00001111
00001111
11100110
00000001
11000110
01000100
00110010
11011101
00101011
11000011
11100001
11110100
00000110
01000010
01111001
11111110
00010000
00101000
00010000
00000100
11111110
00011000
00101000
00001011
11100110
11100111
11111110
00100000
00100000
00100000
11001011
10101001
11001101
10111110
11110110
11001100
00101110
11110100
01111000
11011101
00110110
00000110
01100000
11001101
11010100
11110110
01011111
00000111
00111110
00000000
11011110
00000000
01010111
00101010
11101010
00101011
00100011
00011001
00100010
11100010
00101011
11001001
11011101
00110110
00000010
01000110
01111001
11111110
11001001
11001000
11100110
11000111
11111110
11000000
11000010
00111100
11110111
01111001
00001111
00001111
00001111
11100110
00000111
11000110
00010001
00110010
11011110
00101011
11001001
01111001
11100110
00110000
00001111
00001111
00001111
00001111
11000110
00000100
11001001
01011111
11011101
01110011
00000010
00011000
00001101
11011101
01110001
00000100
00011000
00001000
11011101
01110001
00001010
00011000
00000011
11011101
01110001
00001001
11001101
01000100
11110111
00101010
11101010
00101011
01111110
11110101
11000101
11010101
11001101
01011100
00010011
11010001
11000001
11110001
11001001
00010110
11111111
01000111
01111000
10101110
10100010
11001000
00100011
00011100
01111110
10110111
00100000
11110110
00110111
11001001
11111110
00000110
00100000
00000011
00111010
11100100
00101011
00100001
10110100
00011111
00111101
00101000
00000111
00100011
11001011
01111110
00101000
11111011
00011000
11110110
00000110
00000101
01111110
11100110
01111111
11100111
00000101
00100011
11001011
01111110
00101000
11110110
11001001
00111010
11100101
00101011
10110111
11001000
00011000
00001100
00111010
11100101
00101011
10110111
00100000
00000110
00111010
11100100
00101011
11111110
00000110
11001000
11110001
11110001
11001101
01001100
11110111
00111110
00111111
11100111
00110111
00101010
11101010
00101011
00100011
00100010
11101010
00101011
11001001
00000110
00001110
00111010
01101000
00101010
11100110
00011111
10111000
11010000
00111110
00100000
11100111
00011000
11110100
11001101
01001100
11110111
11011101
00100001
11011011
00101011
00111010
11010111
00101011
10110111
00101000
00010001
00100001
11011110
00101011
00010001
11100001
00101011
00000110
00000011
00011010
01001110
11101011
00010010
01110001
00100011
00010011
00010000
11110111
00111010
11011101
00101011
00100001
11001110
00011110
11001101
00010001
11110111
00111110
00100000
11100111
00010000
11111101
11001101
10011101
11110111
11011101
00100001
11011110
00101011
11011101
01111110
00000011
10110111
00111110
00101100
11000100
00100000
00000000
11001101
10011101
11110111
10110111
11000011
01000100
11110111
11011101
01111110
00000011
10110111
11001000
01001111
00111110
00101000
11001011
01111001
11000100
00100000
00000000
01111001
11100110
00011111
11000100
00000111
11110111
01111001
11100110
00011111
11111110
00000110
00100000
00100011
00111010
11100100
00101011
11111110
00000110
00101000
01000001
11011101
01111110
00000100
10110111
00101000
00111011
00000111
11110101
00111110
00101011
00110000
00000010
00111110
00101101
11100111
00111110
00100110
11100111
11110001
11011101
01111110
00000100
00110000
00011101
11101101
01000100
00011000
00011001
11001011
01110001
00101000
00100001
00111110
00100110
11100111
11001011
01101001
00101000
00001011
11011101
01111110
00000101
11001101
11101110
11110110
11011101
01111110
00000100
00011000
00001100
11011101
01111110
00000100
11111110
00001010
00110000
00000101
11000110
00110000
11100111
00011000
00000011
11001101
11101110
11110110
11001011
01111001
00111110
00101001
11000100
00100000
00000000
11001001
00010001
11101010
00101011
00000110
00011010
10101111
00011011
00010010
00010000
11111100
11001001
11001101
11111111
00000010
00111010
10110101
00101011
00111100
11001000
00111010
00110000
00100000
00001111
00111000
11110010
11001001
00101010
01101010
00101010
00101011
01111110
11100110
01111111
11001000
11100111
11001011
01111110
00101000
11110110
00111110
00111101
11100111
00101011
01111110
00101011
11100101
01101110
01100111
11001101
11000111
11110010
11001101
00010010
11111000
00111110
00001101
11100111
11100001
00011000
11100001
00000000
00000000
00000000
00000000
00000000
00000000
00000000
00000000
00000000
00000000
00000000
00000000
00000000
00000000
00000000
00000000
00000000
00000000
00000000
00000000
00000000
00000000
00000000
00000000
00000000
00000000
00000000
00000000
00000000
00000000
00000000
00000000
00000000
00000000
00000000
00000000
00000000
00000000
00000000
00000000
00000000
00000000
00000000
00000000
00000000
00000000
00000000
00000000
00000000
00000000
00000000
00000000
00000000
00000000
00000000
00000000
00000000
00000000
00000000
00000000
00000000
00000000
00000000
00000000
00000000
00000000
00000000
00000000
00000000
00000000
00000000
00000000
00000000
00000000
00000000
00000000
00000000
00000000
00000000
00000000
00000000
00000000
00000000
00000000
00000000
00000000
00000000
00000000
00000000
00000000
00000000
00000000
00000000
00000000
00000000
00000000
00000000
00000000
00000000
00000000
00000000
00000000
00000000
00000000
00000000
00000000
00000000
00000000
00000000
00000000
00000000
00000000
00000000
00000000
00000000
00000000
00000000
00000000
00000000
00000000
00000000
00000000
00000000
00000000
00000000
00000000
00000000
00000000
00000000
00000000
00000000
00000000
00000000
00000000
00000000
00000000
00000000
00000000
00000000
00000000
00000000
00000000
00000000
00000000
00000000
00000000
00000000
00000000
00000000
00000000
00000000
00000000
00000000
00000000
00000000
00000000
00000000
00000000
00000000
00000000
00000000
00000000
00000000
00000000
00000000
00000000
00000000
00000000
00000000
00000000
00000000
00000000
00000000
00000000
00000000
00000000
00000000
00000000
00000000
00000000
00000000
00000000
00000000
00000000
00000000
00000000
00000000
00000000
00000000
00000000
00000000
00000000
00000000
00000000
00000000
00000000
00000000
00000000
00000000
00000000
00000000
00000000
00000000
00000000
00000000
00000000
00000000
00000000
00000000
00000000
00000000
00000000
00000000
00000000
00000000
00000000
00000000
00000000
00000000
00000000
00000000
00000000
00000000
00000000
00000000
00000000
00000000
00000000
00000000
00000000
00000000
00000000
00000000
00000000
00000000
00000000
00000000
00000000
00000000
00000000
00000000
00000000
00000000
00000000
00000000
00000000
00000000
00000000
00000000
00000000
00000000
00000000
00000000
00000000
00000000
00000000
00000000
00000000
00000000
00000000
00000000
00000000
00000000
00000000
00000000
00000000
00000000
00000000
00000000
00000000
00000000
00000000
00000000
00000000
00000000
00000000
00000000
00000000
00000000
00000000
00000000
00000000
00000000
00000000
00000000
00000000
00000000
00000000
00000000
00000000
00000000
00000000
00000000
00000000
00000000
00000000
00000000
00000000
00000000
00000000
00000000
00000000
00000000
00000000
00000000
00000000
00000000
00000000
00000000
00000000
00000000
00000000
00000000
00000000
00000000
00000000
00000000
00000000
00000000
00000000
00000000
00000000
00000000
00000000
00000000
00000000
00000000
00000000
00000000
00000000
00000000
00000000
00000000
00000000
00000000
00000000
00000000
00000000
00000000
00000000
00000000
00000000
00000000
00000000
00000000
00000000
00000000
00000000
00000000
00000000
00000000
00000000
00000000
00000000
00000000
00000000
00000000
00000000
00000000
00000000
00000000
00000000
00000000
00000000
00000000
00000000
00000000
00000000
00000000
00000000
00000000
00000000
00000000
00000000
00000000
00000000
00000000
00000000
00000000
00000000
00000000
00000000
00000000
00000000
00000000
00000000
00000000
00000000
00000000
00000000
00000000
00000000
00000000
00000000
00000000
00000000
00000000
00000000
00000000
00000000
00000000
00000000
00000000
00000000
00000000
00000000
00000000
00000000
00000000
00000000
00000000
00000000
00000000
00000000
00000000
00000000
00000000
00000000
00000000
00000000
00000000
00000000
00000000
00000000
00000000
00000000
00000000
00000000
00000000
00000000
00000000
00000000
00000000
00000000
00000000
00000000
00000000
00000000
00000000
00000000
00000000
00000000
00000000
00000000
00000000
00000000
00000000
00000000
00000000
00000000
00000000
00000000
00000000
00000000
00000000
00000000
00000000
00000000
00000000
00000000
00000000
00000000
00000000
00000000
00000000
00000000
00000000
00000000
00000000
00000000
00000000
00000000
00000000
00000000
00000000
00000000
00000000
00000000
00000000
00000000
00000000
00000000
00000000
00000000
00000000
00000000
00000000
00000000
00000000
00000000
00000000
00000000
00000000
00000000
00000000
00000000
00000000
00000000
00000000
00000000
00000000
00000000
00000000
00000000
00000000
00000000
00000000
00000000
00000000
00000000
00000000
00000000
00000000
00000000
00000000
00000000
00000000
00000000
00000000
00000000
00000000
00000000
00000000
00000000
00000000
00000000
00000000
00000000
00000000
00000000
00000000
00000000
00000000
00000000
00000000
00000000
00000000
00000000
00000000
00000000
00000000
00000000
00000000
00000000
00000000
00000000
00000000
00000000
00000000
00000000
00000000
00000000
00000000
00000000
00000000
00000000
00000000
00000000
00000000
00000000
00000000
00000000
00000000
00000000
00000000
00000000
00000000
00000000
00000000
00000000
00000000
00000000
00000000
00000000
00000000
00000000
00000000
00000000
00000000
00000000
00000000
00000000
00000000
00000000
00000000
00000000
00000000
00000000
00000000
00000000
00000000
00000000
00000000
00000000
00000000
00000000
00000000
00000000
00000000
00000000
00000000
00000000
00000000
00000000
00000000
00000000
00000000
00000000
00000000
00000000
00000000
00000000
00000000
00000000
00000000
00000000
00000000
00000000
00000000
00000000
00000000
00000000
00000000
00000000
00000000
00000000
00000000
00000000
00000000
00000000
00000000
00000000
00000000
00000000
00000000
00000000
00000000
00000000
00000000
00000000
00000000
00000000
00000000
00000000
00000000
00000000
00000000
00000000
00000000
00000000
00000000
00000000
00000000
00000000
00000000
00000000
00000000
00000000
00000000
00000000
00000000
00000000
00000000
00000000
00000000
00000000
00000000
00000000
00000000
00000000
00000000
00000000
00000000
00000000
00000000
00000000
00000000
00000000
00000000
00000000
00000000
00000000
00000000
00000000
00000000
00000000
00000000
00000000
00000000
00000000
00000000
00000000
00000000
00000000
00000000
00000000
00000000
00000000
00000000
00000000
00000000
00000000
00000000
00000000
00000000
00000000
00000000
00000000
00000000
00000000
00000000
00000000
00000000
00000000
00000000
00000000
00000000
00000000
00000000
00000000
00000000
00000000
00000000
00000000
00000000
00000000
00000000
00000000
00000000
00000000
00000000
00000000
00000000
00000000
00000000
00000000
00000000
00000000
00000000
00000000
00000000
00000000
00000000
00000000
00000000
00000000
00000000
00000000
00000000
00000000
00000000
00000000
00000000
00000000
00000000
00000000
00000000
00000000
00000000
00000000
00000000
00000000
00000000
00000000
00000000
00000000
00000000
00000000
00000000
00000000
00000000
00000000
00000000
00000000
00000000
00000000
00000000
00000000
00000000
00000000
00000000
00000000
00000000
00000000
00000000
00000000
00000000
00000000
00000000
00000000
00000000
00000000
00000000
00000000
00000000
00000000
00000000
00000000
00000000
00000000
00000000
00000000
00000000
00000000
00000000
00000000
00000000
00000000
00000000
00000000
00000000
00000000
00000000
00000000
00000000
00000000
00000000
00000000
00000000
00000000
00000000
00000000
00000000
00000000
00000000
00000000
00000000
00000000
00000000
00000000
00000000
00000000
00000000
00000000
00000000
00000000
00000000
00000000
00000000
00000000
00000000
00000000
00000000
00000000
00000000
00000000
00000000
00000000
00000000
00000000
00000000
00000000
00000000
00000000
00000000
00000000
00000000
00000000
00000000
00000000
00000000
00000000
00000000
00000000
00000000
00000000
00000000
00000000
00000000
00000000
00000000
00000000
00000000
00000000
00000000
00000000
00000000
00000000
00000000
00000000
00000000
00000000
00000000
00000000
00000000
00000000
00000000
00000000
00000000
00000000
00000000
00000000
00000000
00000000
00000000
00000000
00000000
00000000
00000000
00000000
00000000
00000000
00000000
00000000
00000000
00000000
00000000
00000000
00000000
00000000
00000000
00000000
00000000
00000000
00000000
00000000
00000000
00000000
00000000
00000000
00000000
00000000
00000000
00000000
00000000
00000000
00000000
00000000
00000000
00000000
00000000
00000000
00000000
00000000
00000000
00000000
00000000
00000000
00000000
00000000
00000000
00000000
00000000
00000000
00000000
00000000
00000000
00000000
00000000
00000000
00000000
00000000
00000000
00000000
00000000
00000000
00000000
00000000
00000000
00000000
00000000
00000000
00000000
00000000
00000000
00000000
00000000
00000000
00000000
00000000
00000000
00000000
00000000
00000000
00000000
00000000
00000000
00000000
00000000
00000000
00000000
00000000
00000000
00000000
00000000
00000000
00000000
00000000
00000000
00000000
00000000
00000000
00000000
00000000
00000000
00000000
00000000
00000000
00000000
00000000
00000000
00000000
00000000
00000000
00000000
00000000
00000000
00000000
00000000
00000000
00000000
00000000
00000000
00000000
00000000
00000000
00000000
00000000
00000000
00000000
00000000
00000000
00000000
00000000
00000000
00000000
00000000
00000000
00000000
00000000
00000000
00000000
00000000
00000000
00000000
00000000
00000000
00000000
00000000
00000000
00000000
00000000
00000000
00000000
00000000
00000000
00000000
00000000
00000000
00000000
00000000
00000000
00000000
00000000
00000000
00000000
00000000
00000000
00000000
00000000
00000000
00000000
00000000
00000000
00000000
00000000
00000000
00000000
00000000
00000000
00000000
00000000
00000000
00000000
00000000
00000000
00000000
00000000
00000000
00000000
00000000
00000000
00000000
00000000
00000000
00000000
00000000
00000000
00000000
00000000
00000000
00000000
00000000
00000000
00000000
00000000
00000000
00000000
00000000
00000000
00000000
00000000
00000000
00000000
00000000
00000000
00000000
00000000
00000000
00000000
00000000
00000000
00000000
00000000
00000000
00000000
00000000
00000000
00000000
00000000
00000000
00000000
00000000
00000000
00000000
00000000
00000000
00000000
00000000
00000000
00000000
00000000
00000000
00000000
00000000
00000000
00000000
00000000
00000000
00000000
00000000
00000000
00000000
00000000
00000000
00000000
00000000
00000000
00000000
00000000
00000000
00000000
00000000
00000000
00000000
00000000
00000000
00000000
00000000
00000000
00000000
00000000
00000000
00000000
00000000
00000000
00000000
00000000
00000000
00000000
00000000
00000000
00000000
00000000
00000000
00000000
00000000
00000000
00000000
00000000
00000000
00000000
00000000
00000000
00000000
00000000
00000000
00000000
00000000
00000000
00000000
00000000
00000000
00000000
00000000
00000000
00000000
00000000
00000000
00000000
00000000
00000000
00000000
00000000
00000000
00000000
00000000
00000000
00000000
00000000
00000000
00000000
00000000
00000000
00000000
00000000
00000000
00000000
00000000
00000000
00000000
00000000
00000000
00000000
00000000
00000000
00000000
00000000
00000000
00000000
00000000
00000000
00000000
00000000
00000000
00000000
00000000
00000000
00000000
00000000
00000000
00000000
00000000
00000000
00000000
00000000
00000000
00000000
00000000
00000000
00000000
00000000
00000000
00000000
00000000
00000000
00000000
00000000
00000000
00000000
00000000
00000000
00000000
00000000
00000000
00000000
00000000
00000000
00000000
00000000
00000000
00000000
00000000
00000000
00000000
00000000
00000000
00000000
00000000
00000000
00000000
00000000
00000000
00000000
00000000
00000000
00000000
00000000
00000000
00000000
00000000
00000000
00000000
00000000
00000000
00000000
00000000
00000000
00000000
00000000
00000000
00000000
00000000
00000000
00000000
00000000
00000000
00000000
00000000
00000000
00000000
00000000
00000000
00000000
00000000
00000000
00000000
00000000
00000000
00000000
00000000
00000000
00000000
00000000
00000000
00000000
00000000
00000000
00000000
00000000
00000000
00000000
00000000
00000000
00000000
00000000
00000000
00000000
00000000
00000000
00000000
00000000
00000000
00000000
00000000
00000000
00000000
00000000
00000000
00000000
00000000
00000000
00000000
00000000
00000000
00000000
00000000
00000000
00000000
00000000
00000000
00000000
00000000
00000000
00000000
00000000
00000000
00000000
00000000
00000000
00000000
00000000
00000000
00000000
00000000
00000000
00000000
00000000
00000000
00000000
00000000
00000000
00000000
00000000
00000000
00000000
00000000
00000000
00000000
00000000
00000000
00000000
00000000
00000000
00000000
00000000
00000000
00000000
00000000
00000000
00000000
00000000
00000000
00000000
00000000
00000000
00000000
00000000
00000000
00000000
00000000
00000000
00000000
00000000
00000000
00000000
00000000
00000000
00000000
00000000
00000000
00000000
00000000
00000000
00000000
00000000
00000000
00000000
00000000
00000000
00000000
00000000
00000000
00000000
00000000
00000000
00000000
00000000
00000000
00000000
00000000
00000000
00000000
00000000
00000000
00000000
00000000
00000000
00000000
00000000
00000000
00000000
00000000
00000000
00000000
00000000
00000000
00000000
00000000
00000000
00000000
00000000
00000000
00000000
00000000
00000000
00000000
00000000
00000000
01001101
01001111
01001110
01001001
01010100
01001111
01010010
00100000
01010000
01010010
01001111
01000111
01010010
01000001
01001101
00100000
01010011
01000001
00100000
01001001
01011010
01001101
01000101
01001110
01000001
01001101
01000001
00111010
00100000
00100000
00100000
00100000
00101101
00101101
00101101
00101101
00101101
00101101
00101101
00101101
00101101
00101101
00101101
00101101
00101101
00101101
00101101
00101101
00101101
00101101
00101101
00101101
00101101
00101101
00101101
00101101
00101101
00101101
00101101
00101101
00101101
00101101
00101101
00101101
01010101
01001101
01000101
01010011
01010100
01001111
00100000
01010011
01001100
01001111
01010110
01000001
00100000
00100010
01001100
00100010
00100000
01010011
01000101
00100000
01001011
01001111
01010010
01001001
01010011
01010100
01001001
00100000
01010011
01001100
01001111
01010110
01001111
00100000
00100010
01011110
00100010
00100000
01011010
01000001
00100000
01011110
01010100
01000001
01001101
01010000
01000001
01001110
01001010
01000101
00100000
01001110
01000001
00100000
01010000
01000001
01010000
01001001
01010010
00101110
00100000
00100000
00100000
00100000
00101101
00101101
00101101
00101101
00101101
00101101
00101101
00101101
00101101
00101101
00101101
00101101
00101101
00101101
00101101
00101101
00101101
00101101
00101101
00101101
00101101
00101101
00101101
00101101
00101101
00101101
00101101
00101101
00101101
00101101
00101101
00101101
01000100
01001111
01000100
01000001
01010100
01001110
01000101
00100000
01001011
01001111
01001101
01000001
01001110
01000100
01000101
00111010
00100000
00100000
00100000
00100000
00100000
00100000
00100000
00100000
00100000
00100000
00100000
00100000
00100000
00100000
00100000
00100000
00101010
01001111
00100000
01001101
01001101
00100000
01001110
01001110
00100000
00111101
00100000
01001111
01001011
01010010
01000101
01010100
01000001
01001110
01001010
01000101
00100000
01000010
01001001
01010100
01001111
01010110
01000001
00100000
00100000
00100000
00100000
00100000
00101010
01010000
00100000
01001101
01001101
00100000
01001110
01001110
00100000
00111101
00100000
01001011
01001111
01001101
01010000
01001100
01000101
01001101
01000101
01001110
01010100
00100000
01000010
01001001
01010100
01001111
01010110
01000001
00100000
00100000
00100000
00100000
00101010
01001100
00100000
00111101
00100000
01001100
01001001
01010011
01010100
01000001
01001110
01001010
01000101
00100000
01001100
01000001
01000010
01000101
01001100
01000001
00100000
00101000
01001100
01001100
01000001
01000010
01010011
00101001
00100000
00100000
00100000
00100000
00101101
00101101
00101101
00101101
00101101
00101101
00101101
00101101
00101101
00101101
00101101
00101101
00101101
00101101
00101101
00101101
00101101
00101101
00101101
00101101
00101101
00101101
00101101
00101101
00101101
00101101
00101101
00101101
00101101
00101101
00101101
00101101
01001001
01001110
01001001
01000011
01001001
01001010
01000001
01001100
01001001
01011010
01000001
01000011
01001001
01001010
01000001
00100000
01010010
01001111
01001101
01000011
00100000
01001001
01010011
01001011
01001100
01001010
01010101
01011011
01010101
01001010
01000101
00100000
01010010
01001111
01001101
01000100
00101100
00100000
01010000
01000001
00100000
01010101
01001101
01000101
01010011
01010100
01001111
00100000
01010101
01010011
01010010
00101000
00100110
01000101
00110000
00110000
00110000
00101001
00100000
01010100
01010010
01000101
01000010
01000001
01010000
01001001
01010011
01000001
01010100
01001001
00100000
01010101
01010011
01010010
00101000
00100110
01000110
00110000
00110000
00110000
00101001
00100000
01010011
01000001
00100000
01001001
01010011
01010100
01001001
01001101
00100000
01000101
01000110
01000101
01001011
00101101
01010100
01001111
01001101
00100000
00100001
00100000
00100000
00100000
00100000
00100000
00100000
00100000
00100000
00100000
00100000
00100000
00100000
00100000
00100000
00100000
00100000
00100000
00100000
00100000
00100000
00100000
00100000
00100000
00100000
00100000
00100000
00100000
01001111
01010110
01000001
00100000
01010010
01001111
01001101
01000100
00100000
01011010
01000001
01001101
01000101
01001110
01000001
00100000
01010010
01000001
01000100
01001001
00100000
01010011
01000001
01001101
01001111
00100000
01010011
01000001
00100000
01010010
01001111
01001101
00101101
01001111
01001101
00100000
01000011
00100000
01010110
01000101
01010010
01011010
01001001
01001010
01000101
00100000
00110011
00110110
00100000
00101000
01001111
01010010
01001001
01000111
01001001
01001110
01000001
01001100
00100000
01010011
01001011
00101001
00100001
00100000
